(0.0,0.0)
(7.5,0.0)
(7.5,2.5)
(2.5,2.5)
(2.5,10.0)
(5.0,10.0)
(5.0,5.0)
(12.5,5.0)
(12.5,7.5)
(7.5,7.5)
(7.5,12.5)
(2.5,12.5)
(2.5,25.0)
(10.0,25.0)
(10.0,22.5)
(5.0,22.5)
(5.0,20.0)
(10.0,20.0)
(10.0,17.5)
(5.0,17.5)
(5.0,15.0)
(10.0,15.0)
(10.0,10.0)
(17.5,10.0)
(17.5,12.5)
(12.5,12.5)
(12.5,15.0)
(17.5,15.0)
(17.5,17.5)
(12.5,17.5)
(12.5,25.0)
(15.0,25.0)
(15.0,20.0)
(17.5,20.0)
(17.5,25.0)
(20.0,25.0)
(20.0,15.0)
(22.5,15.0)
(22.5,20.0)
(25.0,20.0)
(25.0,12.5)
(20.0,12.5)
(20.0,2.5)
(17.5,2.5)
(17.5,7.5)
(15.0,7.5)
(15.0,2.5)
(10.0,2.5)
(10.0,0.0)
(27.5,0.0)
(27.5,2.5)
(22.5,2.5)
(22.5,10.0)
(25.0,10.0)
(25.0,5.0)
(27.5,5.0)
(27.5,10.0)
(32.5,10.0)
(32.5,12.5)
(27.5,12.5)
(27.5,20.0)
(32.5,20.0)
(32.5,22.5)
(22.5,22.5)
(22.5,27.5)
(17.5,27.5)
(17.5,30.0)
(22.5,30.0)
(22.5,35.0)
(25.0,35.0)
(25.0,25.0)
(27.5,25.0)
(27.5,30.0)
(32.5,30.0)
(32.5,32.5)
(27.5,32.5)
(27.5,35.0)
(35.0,35.0)
(35.0,27.5)
(30.0,27.5)
(30.0,25.0)
(35.0,25.0)
(35.0,20.0)
(40.0,20.0)
(40.0,12.5)
(37.5,12.5)
(37.5,17.5)
(30.0,17.5)
(30.0,15.0)
(35.0,15.0)
(35.0,7.5)
(30.0,7.5)
(30.0,0.0)
(32.5,0.0)
(32.5,5.0)
(37.5,5.0)
(37.5,10.0)
(40.0,10.0)
(40.0,2.5)
(35.0,2.5)
(35.0,0.0)
(42.5,0.0)
(42.5,10.0)
(50.0,10.0)
(50.0,7.5)
(45.0,7.5)
(45.0,0.0)
(47.5,0.0)
(47.5,5.0)
(50.0,5.0)
(50.0,0.0)
(67.5,0.0)
(67.5,5.0)
(70.0,5.0)
(70.0,0.0)
(82.5,0.0)
(82.5,2.5)
(77.5,2.5)
(77.5,5.0)
(85.0,5.0)
(85.0,0.0)
(87.5,0.0)
(87.5,5.0)
(90.0,5.0)
(90.0,0.0)
(92.5,0.0)
(92.5,12.5)
(87.5,12.5)
(87.5,15.0)
(92.5,15.0)
(92.5,17.5)
(85.0,17.5)
(85.0,10.0)
(90.0,10.0)
(90.0,7.5)
(82.5,7.5)
(82.5,12.5)
(75.0,12.5)
(75.0,10.0)
(80.0,10.0)
(80.0,7.5)
(75.0,7.5)
(75.0,2.5)
(72.5,2.5)
(72.5,7.5)
(65.0,7.5)
(65.0,2.5)
(57.5,2.5)
(57.5,5.0)
(62.5,5.0)
(62.5,12.5)
(60.0,12.5)
(60.0,7.5)
(55.0,7.5)
(55.0,2.5)
(52.5,2.5)
(52.5,10.0)
(57.5,10.0)
(57.5,15.0)
(67.5,15.0)
(67.5,17.5)
(55.0,17.5)
(55.0,12.5)
(47.5,12.5)
(47.5,15.0)
(52.5,15.0)
(52.5,20.0)
(62.5,20.0)
(62.5,22.5)
(50.0,22.5)
(50.0,17.5)
(45.0,17.5)
(45.0,12.5)
(42.5,12.5)
(42.5,20.0)
(47.5,20.0)
(47.5,22.5)
(42.5,22.5)
(42.5,25.0)
(47.5,25.0)
(47.5,27.5)
(40.0,27.5)
(40.0,22.5)
(37.5,22.5)
(37.5,30.0)
(42.5,30.0)
(42.5,32.5)
(37.5,32.5)
(37.5,35.0)
(42.5,35.0)
(42.5,37.5)
(37.5,37.5)
(37.5,40.0)
(42.5,40.0)
(42.5,42.5)
(35.0,42.5)
(35.0,37.5)
(22.5,37.5)
(22.5,40.0)
(27.5,40.0)
(27.5,50.0)
(30.0,50.0)
(30.0,40.0)
(32.5,40.0)
(32.5,45.0)
(37.5,45.0)
(37.5,50.0)
(40.0,50.0)
(40.0,45.0)
(42.5,45.0)
(42.5,52.5)
(35.0,52.5)
(35.0,47.5)
(32.5,47.5)
(32.5,55.0)
(45.0,55.0)
(45.0,50.0)
(55.0,50.0)
(55.0,45.0)
(60.0,45.0)
(60.0,42.5)
(55.0,42.5)
(55.0,37.5)
(52.5,37.5)
(52.5,47.5)
(50.0,47.5)
(50.0,37.5)
(47.5,37.5)
(47.5,47.5)
(45.0,47.5)
(45.0,30.0)
(47.5,30.0)
(47.5,35.0)
(50.0,35.0)
(50.0,30.0)
(52.5,30.0)
(52.5,35.0)
(57.5,35.0)
(57.5,40.0)
(60.0,40.0)
(60.0,35.0)
(65.0,35.0)
(65.0,32.5)
(60.0,32.5)
(60.0,27.5)
(57.5,27.5)
(57.5,32.5)
(55.0,32.5)
(55.0,27.5)
(50.0,27.5)
(50.0,25.0)
(65.0,25.0)
(65.0,20.0)
(75.0,20.0)
(75.0,17.5)
(70.0,17.5)
(70.0,12.5)
(65.0,12.5)
(65.0,10.0)
(72.5,10.0)
(72.5,15.0)
(77.5,15.0)
(77.5,25.0)
(80.0,25.0)
(80.0,15.0)
(82.5,15.0)
(82.5,20.0)
(92.5,20.0)
(92.5,22.5)
(87.5,22.5)
(87.5,27.5)
(85.0,27.5)
(85.0,22.5)
(82.5,22.5)
(82.5,27.5)
(75.0,27.5)
(75.0,22.5)
(67.5,22.5)
(67.5,27.5)
(62.5,27.5)
(62.5,30.0)
(67.5,30.0)
(67.5,35.0)
(70.0,35.0)
(70.0,25.0)
(72.5,25.0)
(72.5,35.0)
(75.0,35.0)
(75.0,30.0)
(92.5,30.0)
(92.5,32.5)
(77.5,32.5)
(77.5,37.5)
(62.5,37.5)
(62.5,47.5)
(57.5,47.5)
(57.5,50.0)
(65.0,50.0)
(65.0,40.0)
(67.5,40.0)
(67.5,45.0)
(70.0,45.0)
(70.0,40.0)
(72.5,40.0)
(72.5,47.5)
(67.5,47.5)
(67.5,52.5)
(62.5,52.5)
(62.5,60.0)
(65.0,60.0)
(65.0,55.0)
(75.0,55.0)
(75.0,52.5)
(70.0,52.5)
(70.0,50.0)
(75.0,50.0)
(75.0,40.0)
(77.5,40.0)
(77.5,50.0)
(80.0,50.0)
(80.0,40.0)
(82.5,40.0)
(82.5,45.0)
(95.0,45.0)
(95.0,40.0)
(97.5,40.0)
(97.5,50.0)
(100.0,50.0)
(100.0,45.0)
(105.0,45.0)
(105.0,42.5)
(100.0,42.5)
(100.0,40.0)
(105.0,40.0)
(105.0,37.5)
(92.5,37.5)
(92.5,42.5)
(90.0,42.5)
(90.0,37.5)
(87.5,37.5)
(87.5,42.5)
(85.0,42.5)
(85.0,37.5)
(80.0,37.5)
(80.0,35.0)
(95.0,35.0)
(95.0,27.5)
(90.0,27.5)
(90.0,25.0)
(100.0,25.0)
(100.0,22.5)
(95.0,22.5)
(95.0,15.0)
(100.0,15.0)
(100.0,12.5)
(95.0,12.5)
(95.0,5.0)
(97.5,5.0)
(97.5,10.0)
(102.5,10.0)
(102.5,15.0)
(105.0,15.0)
(105.0,10.0)
(107.5,10.0)
(107.5,17.5)
(97.5,17.5)
(97.5,20.0)
(120.0,20.0)
(120.0,12.5)
(117.5,12.5)
(117.5,17.5)
(110.0,17.5)
(110.0,10.0)
(112.5,10.0)
(112.5,15.0)
(115.0,15.0)
(115.0,7.5)
(100.0,7.5)
(100.0,2.5)
(95.0,2.5)
(95.0,0.0)
(112.5,0.0)
(112.5,2.5)
(102.5,2.5)
(102.5,5.0)
(117.5,5.0)
(117.5,10.0)
(125.0,10.0)
(125.0,7.5)
(120.0,7.5)
(120.0,2.5)
(115.0,2.5)
(115.0,0.0)
(122.5,0.0)
(122.5,5.0)
(125.0,5.0)
(125.0,0.0)
(127.5,0.0)
(127.5,12.5)
(122.5,12.5)
(122.5,15.0)
(127.5,15.0)
(127.5,22.5)
(125.0,22.5)
(125.0,17.5)
(122.5,17.5)
(122.5,25.0)
(127.5,25.0)
(127.5,27.5)
(122.5,27.5)
(122.5,30.0)
(127.5,30.0)
(127.5,42.5)
(125.0,42.5)
(125.0,37.5)
(122.5,37.5)
(122.5,42.5)
(110.0,42.5)
(110.0,40.0)
(120.0,40.0)
(120.0,37.5)
(115.0,37.5)
(115.0,35.0)
(125.0,35.0)
(125.0,32.5)
(110.0,32.5)
(110.0,25.0)
(112.5,25.0)
(112.5,30.0)
(115.0,30.0)
(115.0,25.0)
(117.5,25.0)
(117.5,30.0)
(120.0,30.0)
(120.0,22.5)
(102.5,22.5)
(102.5,25.0)
(107.5,25.0)
(107.5,32.5)
(100.0,32.5)
(100.0,30.0)
(105.0,30.0)
(105.0,27.5)
(97.5,27.5)
(97.5,35.0)
(112.5,35.0)
(112.5,37.5)
(107.5,37.5)
(107.5,47.5)
(102.5,47.5)
(102.5,55.0)
(105.0,55.0)
(105.0,50.0)
(110.0,50.0)
(110.0,45.0)
(112.5,45.0)
(112.5,50.0)
(115.0,50.0)
(115.0,45.0)
(117.5,45.0)
(117.5,50.0)
(125.0,50.0)
(125.0,47.5)
(120.0,47.5)
(120.0,45.0)
(127.5,45.0)
(127.5,52.5)
(107.5,52.5)
(107.5,55.0)
(117.5,55.0)
(117.5,57.5)
(92.5,57.5)
(92.5,72.5)
(90.0,72.5)
(90.0,67.5)
(87.5,67.5)
(87.5,72.5)
(85.0,72.5)
(85.0,67.5)
(82.5,67.5)
(82.5,75.0)
(95.0,75.0)
(95.0,65.0)
(97.5,65.0)
(97.5,85.0)
(100.0,85.0)
(100.0,65.0)
(102.5,65.0)
(102.5,75.0)
(110.0,75.0)
(110.0,72.5)
(105.0,72.5)
(105.0,70.0)
(110.0,70.0)
(110.0,67.5)
(105.0,67.5)
(105.0,65.0)
(110.0,65.0)
(110.0,62.5)
(95.0,62.5)
(95.0,60.0)
(117.5,60.0)
(117.5,62.5)
(112.5,62.5)
(112.5,65.0)
(120.0,65.0)
(120.0,55.0)
(127.5,55.0)
(127.5,57.5)
(122.5,57.5)
(122.5,60.0)
(127.5,60.0)
(127.5,67.5)
(125.0,67.5)
(125.0,62.5)
(122.5,62.5)
(122.5,70.0)
(127.5,70.0)
(127.5,77.5)
(125.0,77.5)
(125.0,72.5)
(122.5,72.5)
(122.5,77.5)
(120.0,77.5)
(120.0,72.5)
(117.5,72.5)
(117.5,80.0)
(127.5,80.0)
(127.5,82.5)
(122.5,82.5)
(122.5,85.0)
(127.5,85.0)
(127.5,97.5)
(120.0,97.5)
(120.0,90.0)
(122.5,90.0)
(122.5,95.0)
(125.0,95.0)
(125.0,87.5)
(117.5,87.5)
(117.5,92.5)
(115.0,92.5)
(115.0,85.0)
(120.0,85.0)
(120.0,82.5)
(115.0,82.5)
(115.0,70.0)
(120.0,70.0)
(120.0,67.5)
(112.5,67.5)
(112.5,92.5)
(110.0,92.5)
(110.0,77.5)
(107.5,77.5)
(107.5,82.5)
(105.0,82.5)
(105.0,77.5)
(102.5,77.5)
(102.5,90.0)
(105.0,90.0)
(105.0,85.0)
(107.5,85.0)
(107.5,92.5)
(102.5,92.5)
(102.5,97.5)
(100.0,97.5)
(100.0,87.5)
(97.5,87.5)
(97.5,100.0)
(102.5,100.0)
(102.5,102.5)
(97.5,102.5)
(97.5,107.5)
(90.0,107.5)
(90.0,105.0)
(95.0,105.0)
(95.0,102.5)
(87.5,102.5)
(87.5,110.0)
(97.5,110.0)
(97.5,115.0)
(105.0,115.0)
(105.0,112.5)
(100.0,112.5)
(100.0,110.0)
(110.0,110.0)
(110.0,107.5)
(100.0,107.5)
(100.0,105.0)
(105.0,105.0)
(105.0,95.0)
(117.5,95.0)
(117.5,97.5)
(107.5,97.5)
(107.5,100.0)
(122.5,100.0)
(122.5,110.0)
(125.0,110.0)
(125.0,100.0)
(127.5,100.0)
(127.5,127.5)
(120.0,127.5)
(120.0,125.0)
(125.0,125.0)
(125.0,112.5)
(115.0,112.5)
(115.0,110.0)
(120.0,110.0)
(120.0,102.5)
(117.5,102.5)
(117.5,107.5)
(115.0,107.5)
(115.0,102.5)
(107.5,102.5)
(107.5,105.0)
(112.5,105.0)
(112.5,122.5)
(110.0,122.5)
(110.0,112.5)
(107.5,112.5)
(107.5,117.5)
(102.5,117.5)
(102.5,120.0)
(107.5,120.0)
(107.5,122.5)
(97.5,122.5)
(97.5,125.0)
(115.0,125.0)
(115.0,115.0)
(117.5,115.0)
(117.5,120.0)
(120.0,120.0)
(120.0,115.0)
(122.5,115.0)
(122.5,122.5)
(117.5,122.5)
(117.5,127.5)
(95.0,127.5)
(95.0,120.0)
(100.0,120.0)
(100.0,117.5)
(95.0,117.5)
(95.0,112.5)
(92.5,112.5)
(92.5,117.5)
(90.0,117.5)
(90.0,112.5)
(82.5,112.5)
(82.5,115.0)
(87.5,115.0)
(87.5,117.5)
(82.5,117.5)
(82.5,120.0)
(92.5,120.0)
(92.5,127.5)
(85.0,127.5)
(85.0,125.0)
(90.0,125.0)
(90.0,122.5)
(82.5,122.5)
(82.5,127.5)
(75.0,127.5)
(75.0,125.0)
(80.0,125.0)
(80.0,122.5)
(75.0,122.5)
(75.0,120.0)
(80.0,120.0)
(80.0,110.0)
(85.0,110.0)
(85.0,107.5)
(80.0,107.5)
(80.0,105.0)
(85.0,105.0)
(85.0,100.0)
(95.0,100.0)
(95.0,77.5)
(92.5,77.5)
(92.5,97.5)
(90.0,97.5)
(90.0,92.5)
(80.0,92.5)
(80.0,87.5)
(75.0,87.5)
(75.0,85.0)
(87.5,85.0)
(87.5,87.5)
(82.5,87.5)
(82.5,90.0)
(90.0,90.0)
(90.0,77.5)
(87.5,77.5)
(87.5,82.5)
(85.0,82.5)
(85.0,77.5)
(82.5,77.5)
(82.5,82.5)
(75.0,82.5)
(75.0,80.0)
(80.0,80.0)
(80.0,77.5)
(75.0,77.5)
(75.0,75.0)
(80.0,75.0)
(80.0,65.0)
(90.0,65.0)
(90.0,62.5)
(85.0,62.5)
(85.0,60.0)
(90.0,60.0)
(90.0,55.0)
(100.0,55.0)
(100.0,52.5)
(95.0,52.5)
(95.0,47.5)
(92.5,47.5)
(92.5,52.5)
(90.0,52.5)
(90.0,47.5)
(82.5,47.5)
(82.5,50.0)
(87.5,50.0)
(87.5,57.5)
(85.0,57.5)
(85.0,52.5)
(77.5,52.5)
(77.5,55.0)
(82.5,55.0)
(82.5,62.5)
(77.5,62.5)
(77.5,67.5)
(75.0,67.5)
(75.0,62.5)
(70.0,62.5)
(70.0,60.0)
(80.0,60.0)
(80.0,57.5)
(67.5,57.5)
(67.5,67.5)
(55.0,67.5)
(55.0,60.0)
(57.5,60.0)
(57.5,65.0)
(65.0,65.0)
(65.0,62.5)
(60.0,62.5)
(60.0,57.5)
(52.5,57.5)
(52.5,70.0)
(57.5,70.0)
(57.5,75.0)
(65.0,75.0)
(65.0,72.5)
(60.0,72.5)
(60.0,70.0)
(70.0,70.0)
(70.0,65.0)
(72.5,65.0)
(72.5,70.0)
(77.5,70.0)
(77.5,72.5)
(72.5,72.5)
(72.5,77.5)
(70.0,77.5)
(70.0,72.5)
(67.5,72.5)
(67.5,82.5)
(62.5,82.5)
(62.5,85.0)
(70.0,85.0)
(70.0,80.0)
(72.5,80.0)
(72.5,87.5)
(67.5,87.5)
(67.5,90.0)
(72.5,90.0)
(72.5,92.5)
(65.0,92.5)
(65.0,87.5)
(55.0,87.5)
(55.0,85.0)
(60.0,85.0)
(60.0,82.5)
(55.0,82.5)
(55.0,80.0)
(65.0,80.0)
(65.0,77.5)
(55.0,77.5)
(55.0,72.5)
(47.5,72.5)
(47.5,75.0)
(52.5,75.0)
(52.5,82.5)
(50.0,82.5)
(50.0,77.5)
(42.5,77.5)
(42.5,80.0)
(47.5,80.0)
(47.5,87.5)
(45.0,87.5)
(45.0,82.5)
(40.0,82.5)
(40.0,77.5)
(37.5,77.5)
(37.5,82.5)
(35.0,82.5)
(35.0,77.5)
(32.5,77.5)
(32.5,82.5)
(25.0,82.5)
(25.0,77.5)
(22.5,77.5)
(22.5,82.5)
(15.0,82.5)
(15.0,80.0)
(20.0,80.0)
(20.0,77.5)
(12.5,77.5)
(12.5,85.0)
(27.5,85.0)
(27.5,102.5)
(25.0,102.5)
(25.0,87.5)
(22.5,87.5)
(22.5,97.5)
(17.5,97.5)
(17.5,107.5)
(12.5,107.5)
(12.5,115.0)
(15.0,115.0)
(15.0,110.0)
(17.5,110.0)
(17.5,115.0)
(20.0,115.0)
(20.0,100.0)
(22.5,100.0)
(22.5,110.0)
(30.0,110.0)
(30.0,107.5)
(25.0,107.5)
(25.0,105.0)
(32.5,105.0)
(32.5,110.0)
(35.0,110.0)
(35.0,105.0)
(45.0,105.0)
(45.0,102.5)
(35.0,102.5)
(35.0,97.5)
(32.5,97.5)
(32.5,102.5)
(30.0,102.5)
(30.0,95.0)
(35.0,95.0)
(35.0,87.5)
(32.5,87.5)
(32.5,92.5)
(30.0,92.5)
(30.0,85.0)
(37.5,85.0)
(37.5,100.0)
(45.0,100.0)
(45.0,95.0)
(47.5,95.0)
(47.5,100.0)
(50.0,100.0)
(50.0,92.5)
(42.5,92.5)
(42.5,97.5)
(40.0,97.5)
(40.0,85.0)
(42.5,85.0)
(42.5,90.0)
(50.0,90.0)
(50.0,85.0)
(52.5,85.0)
(52.5,90.0)
(62.5,90.0)
(62.5,97.5)
(60.0,97.5)
(60.0,92.5)
(52.5,92.5)
(52.5,95.0)
(57.5,95.0)
(57.5,97.5)
(52.5,97.5)
(52.5,102.5)
(47.5,102.5)
(47.5,107.5)
(37.5,107.5)
(37.5,110.0)
(50.0,110.0)
(50.0,105.0)
(55.0,105.0)
(55.0,100.0)
(70.0,100.0)
(70.0,97.5)
(65.0,97.5)
(65.0,95.0)
(72.5,95.0)
(72.5,100.0)
(75.0,100.0)
(75.0,90.0)
(77.5,90.0)
(77.5,100.0)
(80.0,100.0)
(80.0,95.0)
(87.5,95.0)
(87.5,97.5)
(82.5,97.5)
(82.5,102.5)
(77.5,102.5)
(77.5,112.5)
(75.0,112.5)
(75.0,102.5)
(57.5,102.5)
(57.5,105.0)
(72.5,105.0)
(72.5,112.5)
(70.0,112.5)
(70.0,107.5)
(67.5,107.5)
(67.5,120.0)
(70.0,120.0)
(70.0,115.0)
(77.5,115.0)
(77.5,117.5)
(72.5,117.5)
(72.5,127.5)
(70.0,127.5)
(70.0,122.5)
(67.5,122.5)
(67.5,127.5)
(65.0,127.5)
(65.0,107.5)
(62.5,107.5)
(62.5,112.5)
(55.0,112.5)
(55.0,110.0)
(60.0,110.0)
(60.0,107.5)
(52.5,107.5)
(52.5,115.0)
(62.5,115.0)
(62.5,117.5)
(50.0,117.5)
(50.0,112.5)
(47.5,112.5)
(47.5,117.5)
(45.0,117.5)
(45.0,112.5)
(42.5,112.5)
(42.5,117.5)
(37.5,117.5)
(37.5,120.0)
(52.5,120.0)
(52.5,122.5)
(47.5,122.5)
(47.5,125.0)
(55.0,125.0)
(55.0,120.0)
(57.5,120.0)
(57.5,125.0)
(60.0,125.0)
(60.0,120.0)
(62.5,120.0)
(62.5,127.5)
(25.0,127.5)
(25.0,125.0)
(45.0,125.0)
(45.0,122.5)
(35.0,122.5)
(35.0,115.0)
(40.0,115.0)
(40.0,112.5)
(32.5,112.5)
(32.5,117.5)
(30.0,117.5)
(30.0,112.5)
(27.5,112.5)
(27.5,120.0)
(32.5,120.0)
(32.5,122.5)
(25.0,122.5)
(25.0,112.5)
(22.5,112.5)
(22.5,117.5)
(12.5,117.5)
(12.5,120.0)
(17.5,120.0)
(17.5,125.0)
(20.0,125.0)
(20.0,120.0)
(22.5,120.0)
(22.5,127.5)
(15.0,127.5)
(15.0,122.5)
(12.5,122.5)
(12.5,127.5)
(5.0,127.5)
(5.0,122.5)
(2.5,122.5)
(2.5,127.5)
(0.0,127.5)
(0.0,90.0)
(2.5,90.0)
(2.5,105.0)
(5.0,105.0)
(5.0,100.0)
(7.5,100.0)
(7.5,112.5)
(5.0,112.5)
(5.0,107.5)
(2.5,107.5)
(2.5,120.0)
(5.0,120.0)
(5.0,115.0)
(7.5,115.0)
(7.5,125.0)
(10.0,125.0)
(10.0,100.0)
(12.5,100.0)
(12.5,105.0)
(15.0,105.0)
(15.0,95.0)
(20.0,95.0)
(20.0,92.5)
(12.5,92.5)
(12.5,97.5)
(10.0,97.5)
(10.0,92.5)
(7.5,92.5)
(7.5,97.5)
(5.0,97.5)
(5.0,87.5)
(0.0,87.5)
(0.0,85.0)
(5.0,85.0)
(5.0,80.0)
(7.5,80.0)
(7.5,90.0)
(20.0,90.0)
(20.0,87.5)
(10.0,87.5)
(10.0,77.5)
(2.5,77.5)
(2.5,82.5)
(0.0,82.5)
(0.0,75.0)
(5.0,75.0)
(5.0,67.5)
(2.5,67.5)
(2.5,72.5)
(0.0,72.5)
(0.0,65.0)
(15.0,65.0)
(15.0,60.0)
(17.5,60.0)
(17.5,65.0)
(20.0,65.0)
(20.0,60.0)
(27.5,60.0)
(27.5,62.5)
(22.5,62.5)
(22.5,65.0)
(27.5,65.0)
(27.5,67.5)
(7.5,67.5)
(7.5,75.0)
(15.0,75.0)
(15.0,72.5)
(10.0,72.5)
(10.0,70.0)
(17.5,70.0)
(17.5,75.0)
(20.0,75.0)
(20.0,70.0)
(27.5,70.0)
(27.5,72.5)
(22.5,72.5)
(22.5,75.0)
(27.5,75.0)
(27.5,80.0)
(30.0,80.0)
(30.0,65.0)
(32.5,65.0)
(32.5,75.0)
(40.0,75.0)
(40.0,72.5)
(35.0,72.5)
(35.0,70.0)
(40.0,70.0)
(40.0,65.0)
(45.0,65.0)
(45.0,60.0)
(47.5,60.0)
(47.5,67.5)
(42.5,67.5)
(42.5,75.0)
(45.0,75.0)
(45.0,70.0)
(50.0,70.0)
(50.0,55.0)
(60.0,55.0)
(60.0,52.5)
(47.5,52.5)
(47.5,57.5)
(42.5,57.5)
(42.5,62.5)
(40.0,62.5)
(40.0,57.5)
(37.5,57.5)
(37.5,67.5)
(35.0,67.5)
(35.0,57.5)
(32.5,57.5)
(32.5,62.5)
(30.0,62.5)
(30.0,52.5)
(27.5,52.5)
(27.5,57.5)
(20.0,57.5)
(20.0,55.0)
(25.0,55.0)
(25.0,42.5)
(22.5,42.5)
(22.5,47.5)
(20.0,47.5)
(20.0,42.5)
(17.5,42.5)
(17.5,47.5)
(7.5,47.5)
(7.5,50.0)
(22.5,50.0)
(22.5,52.5)
(12.5,52.5)
(12.5,55.0)
(17.5,55.0)
(17.5,57.5)
(2.5,57.5)
(2.5,60.0)
(12.5,60.0)
(12.5,62.5)
(0.0,62.5)
(0.0,55.0)
(10.0,55.0)
(10.0,52.5)
(0.0,52.5)
(0.0,50.0)
(5.0,50.0)
(5.0,47.5)
(0.0,47.5)
(0.0,30.0)
(7.5,30.0)
(7.5,32.5)
(2.5,32.5)
(2.5,40.0)
(5.0,40.0)
(5.0,35.0)
(7.5,35.0)
(7.5,42.5)
(2.5,42.5)
(2.5,45.0)
(15.0,45.0)
(15.0,40.0)
(20.0,40.0)
(20.0,32.5)
(17.5,32.5)
(17.5,37.5)
(12.5,37.5)
(12.5,42.5)
(10.0,42.5)
(10.0,35.0)
(15.0,35.0)
(15.0,32.5)
(10.0,32.5)
(10.0,30.0)
(15.0,30.0)
(15.0,27.5)
(0.0,27.5)
(0.0,0.0)
